188.4468 454.4255 m
187.8112 454.7592 186.9379 455.2857 186.0213 456.0851 c
184.9832 456.9905 184.3727 457.5229 184.4255 458.1277 c
184.5107 459.1023 186.2677 459.6803 187.8085 460.1702 c
190.4938 461.0241 192.7145 461.1839 193.8085 461.2553 c
198.0676 461.5332 200.6382 461.5107 200.6383 461.5107 c
207.0943 461.454 210.3224 461.4256 215.6383 461.2553 c
223.1467 461.0147 221.2944 460.9434 223.617 460.9362 c
224.2985 460.934 226.4489 460.934 229.234 460.617 c
231.1801 460.3956 232.5699 460.118 233.9574 459.2128 c
234.8014 458.6622 235.3846 458.0489 235.7447 457.617 c
237.0851 455.766 l
236.1277 453.1489 l
227.7021 452.766 l
220.1064 452.5106 l
210.7537 452.5106 l
203 452.5106 l
194.383 453.6596 l
188.3191 452.5106 l
188.1277 456.2128 l
188.4468 454.4255 l
