[188]
[454]
[188, 188, 187]
[454, 455, 455]
[188, 188, 187, 185, 184]
[454, 455, 455, 457, 458]
[188, 188, 187, 185, 184, 185, 186]
[454, 455, 455, 457, 458, 459, 460]
[188, 188, 187, 185, 184, 185, 186, 190, 193]
[454, 455, 455, 457, 458, 459, 460, 461, 461]
[188, 188, 187, 185, 184, 185, 186, 190, 193, 198, 201]
[454, 455, 455, 457, 458, 459, 460, 461, 461, 462, 462]
[188, 188, 187, 185, 184, 185, 186, 190, 193, 198, 201, 207, 210]
[454, 455, 455, 457, 458, 459, 460, 461, 461, 462, 462, 461, 461]
[188, 188, 187, 185, 184, 185, 186, 190, 193, 198, 201, 207, 210, 223, 221]
[454, 455, 455, 457, 458, 459, 460, 461, 461, 462, 462, 461, 461, 461, 461]
[188, 188, 187, 185, 184, 185, 186, 190, 193, 198, 201, 207, 210, 223, 221, 224, 226]
[454, 455, 455, 457, 458, 459, 460, 461, 461, 462, 462, 461, 461, 461, 461, 461, 461]
[188, 188, 187, 185, 184, 185, 186, 190, 193, 198, 201, 207, 210, 223, 221, 224, 226, 231, 233]
[454, 455, 455, 457, 458, 459, 460, 461, 461, 462, 462, 461, 461, 461, 461, 461, 461, 460, 460]
[188, 188, 187, 185, 184, 185, 186, 190, 193, 198, 201, 207, 210, 223, 221, 224, 226, 231, 233, 235, 235]
[454, 455, 455, 457, 458, 459, 460, 461, 461, 462, 462, 461, 461, 461, 461, 461, 461, 460, 460, 459, 458]
[188, 188, 187, 185, 184, 185, 186, 190, 193, 198, 201, 207, 210, 223, 221, 224, 226, 231, 233, 235, 235, 237]
[454, 455, 455, 457, 458, 459, 460, 461, 461, 462, 462, 461, 461, 461, 461, 461, 461, 460, 460, 459, 458, 456]
[188, 188, 187, 185, 184, 185, 186, 190, 193, 198, 201, 207, 210, 223, 221, 224, 226, 231, 233, 235, 235, 237, 236]
[454, 455, 455, 457, 458, 459, 460, 461, 461, 462, 462, 461, 461, 461, 461, 461, 461, 460, 460, 459, 458, 456, 453]
[188, 188, 187, 185, 184, 185, 186, 190, 193, 198, 201, 207, 210, 223, 221, 224, 226, 231, 233, 235, 235, 237, 236, 228]
[454, 455, 455, 457, 458, 459, 460, 461, 461, 462, 462, 461, 461, 461, 461, 461, 461, 460, 460, 459, 458, 456, 453, 453]
[188, 188, 187, 185, 184, 185, 186, 190, 193, 198, 201, 207, 210, 223, 221, 224, 226, 231, 233, 235, 235, 237, 236, 228, 220]
[454, 455, 455, 457, 458, 459, 460, 461, 461, 462, 462, 461, 461, 461, 461, 461, 461, 460, 460, 459, 458, 456, 453, 453, 453]
[188, 188, 187, 185, 184, 185, 186, 190, 193, 198, 201, 207, 210, 223, 221, 224, 226, 231, 233, 235, 235, 237, 236, 228, 220, 211]
[454, 455, 455, 457, 458, 459, 460, 461, 461, 462, 462, 461, 461, 461, 461, 461, 461, 460, 460, 459, 458, 456, 453, 453, 453, 453]
[188, 188, 187, 185, 184, 185, 186, 190, 193, 198, 201, 207, 210, 223, 221, 224, 226, 231, 233, 235, 235, 237, 236, 228, 220, 211, 203]
[454, 455, 455, 457, 458, 459, 460, 461, 461, 462, 462, 461, 461, 461, 461, 461, 461, 460, 460, 459, 458, 456, 453, 453, 453, 453, 453]
[188, 188, 187, 185, 184, 185, 186, 190, 193, 198, 201, 207, 210, 223, 221, 224, 226, 231, 233, 235, 235, 237, 236, 228, 220, 211, 203, 194]
[454, 455, 455, 457, 458, 459, 460, 461, 461, 462, 462, 461, 461, 461, 461, 461, 461, 460, 460, 459, 458, 456, 453, 453, 453, 453, 453, 454]
[188, 188, 187, 185, 184, 185, 186, 190, 193, 198, 201, 207, 210, 223, 221, 224, 226, 231, 233, 235, 235, 237, 236, 228, 220, 211, 203, 194, 188]
[454, 455, 455, 457, 458, 459, 460, 461, 461, 462, 462, 461, 461, 461, 461, 461, 461, 460, 460, 459, 458, 456, 453, 453, 453, 453, 453, 454, 453]
[188, 188, 187, 185, 184, 185, 186, 190, 193, 198, 201, 207, 210, 223, 221, 224, 226, 231, 233, 235, 235, 237, 236, 228, 220, 211, 203, 194, 188, 188]
[454, 455, 455, 457, 458, 459, 460, 461, 461, 462, 462, 461, 461, 461, 461, 461, 461, 460, 460, 459, 458, 456, 453, 453, 453, 453, 453, 454, 453, 456]
[188, 188, 187, 185, 184, 185, 186, 190, 193, 198, 201, 207, 210, 223, 221, 224, 226, 231, 233, 235, 235, 237, 236, 228, 220, 211, 203, 194, 188, 188, 188]
[454, 455, 455, 457, 458, 459, 460, 461, 461, 462, 462, 461, 461, 461, 461, 461, 461, 460, 460, 459, 458, 456, 453, 453, 453, 453, 453, 454, 453, 456, 454]
