367.6217 328.6359 m
367.8545 328.7686 367.9681 329.1732 368.3698 328.9187 c
368.6252 328.7568 368.9176 328.6499 369.2003 328.5352 c
369.6178 328.3657 370.2053 328.3277 370.4228 328.0219 c
370.7244 327.598 370.7755 326.9829 370.8893 326.4404 c
371.3586 324.2037 371.8492 321.9705 372.2579 319.7225 c
372.6025 317.8267 373.0786 315.953 373.1152 314.0011 c
373.1405 312.6605 372.9071 311.3616 372.6791 310.0659 c
372.4922 309.0037 372.4226 307.9467 372.3984 306.8788 c
372.3453 304.5355 372.3163 302.194 372.9692 299.9073 c
373.0243 299.7141 373.0271 299.5046 373.0428 299.3018 c
373.1088 298.4499 372.9882 298.3274 372.1638 298.2604 c
370.387 298.116 368.6149 298.2801 366.8409 298.3151 c
366.79 298.3161 366.7391 298.3182 366.6882 298.3196 c
366.6609 298.1199 366.6046 297.9194 366.612 297.7212 c
366.6297 297.2535 366.7296 297.1765 367.1438 297.2602 c
367.3426 297.3004 367.5397 297.3495 367.7359 297.4009 c
368.8462 297.6919 369.9365 297.6665 371.0332 297.2907 c
371.5562 297.1114 372.1177 297.0383 372.6658 296.9398 c
373.0702 296.8671 373.4709 296.9219 373.8706 297.0266 c
374.2126 297.1162 374.4051 297.298 374.3807 297.6596 c
374.3465 298.1661 374.3382 298.6782 374.2545 299.177 c
373.6985 302.4915 373.671 305.8456 373.4802 309.1875 c
373.4016 310.5632 373.4871 311.9368 373.7688 313.2773 c
374.0362 314.5501 373.9681 315.8018 373.7929 317.0597 c
373.5341 318.9184 373.1741 320.7599 372.8343 322.6056 c
372.4502 324.6926 372.2914 326.821 372.0332 328.9424 c
371.7763 329.2218 371.4807 328.9868 371.2017 328.9813 c
370.2179 328.9616 369.2955 329.1852 368.4141 329.6204 c
367.8515 329.8983 367.7438 329.8404 367.6228 329.2334 c
367.5846 329.0418 367.62 328.8355 367.6217 328.6359 c
